North-Yemen,5,1,195,9,8,2,0,3,4,1,1,0,0,1,1,0,red,0,0,0,0,1,0,0,0,0,0,red,black
Malaysia,5,1,333,13,10,2,0,14,4,1,0,1,1,1,0,0,red,0,0,0,1,1,1,0,0,0,0,blue,white
Bhutan,5,1,47,1,10,3,0,0,4,1,0,0,0,1,1,1,orange,4,0,0,0,0,0,0,0,1,0,orange,red
Hong-Kong,5,1,1,5,7,3,0,0,6,1,1,1,1,1,0,1,blue,1,1,1,1,0,0,0,1,1,1,white,blue
Antigua-Barbuda,1,4,0,0,1,1,0,1,5,1,0,1,1,1,1,0,red,0,0,0,0,1,0,1,0,0,0,black,red
Mauritius,4,2,2,1,1,4,0,4,4,1,1,1,1,0,0,0,red,0,0,0,0,0,0,0,0,0,0,red,green
Denmark,3,1,43,5,6,1,0,0,2,1,0,0,0,1,0,0,red,0,1,0,0,0,0,0,0,0,0,red,red
Mauritius,4,2,2,1,1,4,0,4,4,1,1,1,1,0,0,0,red,0,0,0,0,0,0,0,0,0,0,red,green
Congo,4,2,342,2,10,5,0,0,3,1,1,0,1,0,0,0,red,0,0,0,0,1,0,0,1,1,0,red,red
India,5,1,3268,684,6,4,0,3,4,0,1,1,0,1,0,1,orange,1,0,0,0,0,0,0,1,0,0,orange,green
Burundi,4,2,28,4,10,5,0,0,3,1,1,0,0,1,0,0,red,1,0,1,0,3,0,0,0,0,0,white,white
Gabon,4,2,268,1,10,5,0,3,3,0,1,1,1,0,0,0,green,0,0,0,0,0,0,0,0,0,0,green,blue
Benin,4,1,113,3,3,5,0,0,2,1,1,0,0,0,0,0,green,0,0,0,0,1,0,0,0,0,0,green,green
Mauritius,4,2,2,1,1,4,0,4,4,1,1,1,1,0,0,0,red,0,0,0,0,0,0,0,0,0,0,red,green
Hong-Kong,5,1,1,5,7,3,0,0,6,1,1,1,1,1,0,1,blue,1,1,1,1,0,0,0,1,1,1,white,blue
Hong-Kong,5,1,1,5,7,3,0,0,6,1,1,1,1,1,0,1,blue,1,1,1,1,0,0,0,1,1,1,white,blue
Japan,5,1,372,118,9,7,0,0,2,1,0,0,0,1,0,0,white,1,0,0,0,1,0,0,0,0,0,white,white
Luxembourg,3,1,3,0,4,0,0,3,3,1,0,1,0,1,0,0,red,0,0,0,0,0,0,0,0,0,0,red,blue
Guyana,2,4,215,1,1,4,0,0,5,1,1,0,1,1,1,0,green,0,0,0,0,0,0,1,0,0,0,black,green
St-Kitts-Nevis,1,4,0,0,1,1,0,0,5,1,1,0,1,1,1,0,green,0,0,0,0,2,0,1,0,0,0,green,red
Mauritius,4,2,2,1,1,4,0,4,4,1,1,1,1,0,0,0,red,0,0,0,0,0,0,0,0,0,0,red,green
Mongolia,5,1,1566,2,10,6,3,0,3,1,0,1,1,0,0,0,red,2,0,0,0,1,1,1,1,0,0,red,red
Liberia,4,4,111,1,10,5,0,11,3,1,0,1,0,1,0,0,red,0,0,0,1,1,0,0,0,0,0,blue,red
Singapore,5,1,1,3,7,3,0,2,2,1,0,0,0,1,0,0,white,0,0,0,0,5,1,0,0,0,0,red,white
Mauritius,4,2,2,1,1,4,0,4,4,1,1,1,1,0,0,0,red,0,0,0,0,0,0,0,0,0,0,red,green
Kampuchea,5,1,181,6,10,3,0,0,2,1,0,0,1,0,0,0,red,0,0,0,0,0,0,0,1,0,0,red,red
Guyana,2,4,215,1,1,4,0,0,5,1,1,0,1,1,1,0,green,0,0,0,0,0,0,1,0,0,0,black,green
Papua-New-Guinea,6,2,463,3,1,5,0,0,4,1,0,0,1,1,1,0,black,0,0,0,0,5,0,1,0,1,0,red,black
Seychelles,4,2,0,0,1,1,0,0,3,1,1,0,0,1,0,0,red,0,0,0,0,0,0,0,0,0,0,red,green
Israel,5,1,21,4,10,7,0,2,2,0,0,1,0,1,0,0,white,0,0,0,0,1,0,0,0,0,0,blue,blue
Malawi,4,2,118,6,10,5,0,3,3,1,1,0,0,0,1,0,red,0,0,0,0,1,0,0,0,0,0,black,green
Montserrat,1,4,0,0,1,1,0,0,7,1,1,1,1,1,1,0,blue,0,2,1,1,0,0,0,1,1,0,white,blue
Papua-New-Guinea,6,2,463,3,1,5,0,0,4,1,0,0,1,1,1,0,black,0,0,0,0,5,0,1,0,1,0,red,black
Malaysia,5,1,333,13,10,2,0,14,4,1,0,1,1,1,0,0,red,0,0,0,1,1,1,0,0,0,0,blue,white
India,5,1,3268,684,6,4,0,3,4,0,1,1,0,1,0,1,orange,1,0,0,0,0,0,0,1,0,0,orange,green
Albania,3,1,29,3,6,6,0,0,3,1,0,0,1,0,1,0,red,0,0,0,0,1,0,0,0,1,0,red,red
Mongolia,5,1,1566,2,10,6,3,0,3,1,0,1,1,0,0,0,red,2,0,0,0,1,1,1,1,0,0,red,red
Parguay,2,3,407,3,2,0,0,3,6,1,1,1,1,1,1,0,red,1,0,0,0,1,0,0,1,1,1,red,blue
Burma,5,1,678,35,10,3,0,0,3,1,0,1,0,1,0,0,red,0,0,0,1,14,0,0,1,1,0,blue,red
Haiti,1,4,28,6,3,0,2,0,2,1,0,0,0,0,1,0,black,0,0,0,0,0,0,0,0,0,0,black,red
Ivory-Coast,4,4,323,7,3,5,3,0,3,1,1,0,0,1,0,0,white,0,0,0,0,0,0,0,0,0,0,red,green
Albania,3,1,29,3,6,6,0,0,3,1,0,0,1,0,1,0,red,0,0,0,0,1,0,0,0,1,0,red,red
Burma,5,1,678,35,10,3,0,0,3,1,0,1,0,1,0,0,red,0,0,0,1,14,0,0,1,1,0,blue,red
Japan,5,1,372,118,9,7,0,0,2,1,0,0,0,1,0,0,white,1,0,0,0,1,0,0,0,0,0,white,white
India,5,1,3268,684,6,4,0,3,4,0,1,1,0,1,0,1,orange,1,0,0,0,0,0,0,1,0,0,orange,green
Israel,5,1,21,4,10,7,0,2,2,0,0,1,0,1,0,0,white,0,0,0,0,1,0,0,0,0,0,blue,blue
Sri-Lanka,5,1,66,15,10,3,2,0,4,0,1,0,1,0,0,1,gold,0,0,0,0,0,0,0,1,1,0,gold,gold
Mauritius,4,2,2,1,1,4,0,4,4,1,1,1,1,0,0,0,red,0,0,0,0,0,0,0,0,0,0,red,green
France,3,1,547,54,3,0,3,0,3,1,0,1,0,1,0,0,white,0,0,0,0,0,0,0,0,0,0,blue,red
Brazil,2,3,8512,119,6,0,0,0,4,0,1,1,1,1,0,0,green,1,0,0,0,22,0,0,0,0,1,green,green
Czechoslovakia,3,1,128,15,5,6,0,0,3,1,0,1,0,1,0,0,white,0,0,0,0,0,0,1,0,0,0,white,red
Iraq,5,1,435,14,8,2,0,3,4,1,1,0,0,1,1,0,red,0,0,0,0,3,0,0,0,0,0,red,black
El-Salvador,1,4,21,5,2,0,0,3,2,0,0,1,0,1,0,0,blue,0,0,0,0,0,0,0,0,0,0,blue,blue
Japan,5,1,372,118,9,7,0,0,2,1,0,0,0,1,0,0,white,1,0,0,0,1,0,0,0,0,0,white,white
Mozambique,4,2,783,12,10,5,0,5,5,1,1,0,1,1,1,0,gold,0,0,0,0,1,0,1,1,0,0,green,gold
Afghanistan,5,1,648,16,10,2,0,3,5,1,1,0,1,1,1,0,green,0,0,0,0,1,0,0,1,0,0,black,green
South-Korea,5,1,99,39,10,7,0,0,4,1,0,1,0,1,1,0,white,1,0,0,0,0,0,0,1,0,0,white,white
Singapore,5,1,1,3,7,3,0,2,2,1,0,0,0,1,0,0,white,0,0,0,0,5,1,0,0,0,0,red,white
Guyana,2,4,215,1,1,4,0,0,5,1,1,0,1,1,1,0,green,0,0,0,0,0,0,1,0,0,0,black,green
China,5,1,9561,1008,7,6,0,0,2,1,0,0,1,0,0,0,red,0,0,0,0,5,0,0,0,0,0,red,red
Lebanon,5,1,10,3,8,2,0,2,4,1,1,0,0,1,0,1,red,0,0,0,0,0,0,0,0,1,0,red,red
France,3,1,547,54,3,0,3,0,3,1,0,1,0,1,0,0,white,0,0,0,0,0,0,0,0,0,0,blue,red
Angola,4,2,1247,7,10,5,0,2,3,1,0,0,1,0,1,0,red,0,0,0,0,1,0,0,1,0,0,red,black
South-Korea,5,1,99,39,10,7,0,0,4,1,0,1,0,1,1,0,white,1,0,0,0,0,0,0,1,0,0,white,white
Laos,5,1,236,3,10,6,0,3,3,1,0,1,0,1,0,0,red,1,0,0,0,0,0,0,0,0,0,red,red
Mauritius,4,2,2,1,1,4,0,4,4,1,1,1,1,0,0,0,red,0,0,0,0,0,0,0,0,0,0,red,green
Egypt,4,1,1001,47,8,2,0,3,4,1,0,0,1,1,1,0,black,0,0,0,0,0,0,0,0,1,1,red,black
Andorra,3,1,0,0,6,0,3,0,3,1,0,1,1,0,0,0,gold,0,0,0,0,0,0,0,0,0,0,blue,red
India,5,1,3268,684,6,4,0,3,4,0,1,1,0,1,0,1,orange,1,0,0,0,0,0,0,1,0,0,orange,green
India,5,1,3268,684,6,4,0,3,4,0,1,1,0,1,0,1,orange,1,0,0,0,0,0,0,1,0,0,orange,green
Libya,4,1,1760,3,8,2,0,0,1,0,1,0,0,0,0,0,green,0,0,0,0,0,0,0,0,0,0,green,green
Gambia,4,4,10,1,1,5,0,5,4,1,1,1,0,1,0,0,red,0,0,0,0,0,0,0,0,0,0,red,green
Belgium,3,1,31,10,6,0,3,0,3,1,0,0,1,0,1,0,gold,0,0,0,0,0,0,0,0,0,0,black,red
Dominica,1,4,0,0,1,1,0,0,6,1,1,1,1,1,1,0,green,1,0,0,0,10,0,0,0,1,0,green,green
Guyana,2,4,215,1,1,4,0,0,5,1,1,0,1,1,1,0,green,0,0,0,0,0,0,1,0,0,0,black,green
Japan,5,1,372,118,9,7,0,0,2,1,0,0,0,1,0,0,white,1,0,0,0,1,0,0,0,0,0,white,white
Equatorial-Guinea,4,1,28,0,10,5,0,3,4,1,1,1,0,1,0,0,green,0,0,0,0,0,0,1,0,0,0,green,red
Kuwait,5,1,18,2,8,2,0,3,4,1,1,0,0,1,1,0,green,0,0,0,0,0,0,0,0,0,0,green,red
Cook-Islands,6,3,0,0,1,1,0,0,4,1,0,1,0,1,0,0,blue,1,1,1,1,15,0,0,0,0,0,white,blue
Kampuchea,5,1,181,6,10,3,0,0,2,1,0,0,1,0,0,0,red,0,0,0,0,0,0,0,1,0,0,red,red
Singapore,5,1,1,3,7,3,0,2,2,1,0,0,0,1,0,0,white,0,0,0,0,5,1,0,0,0,0,red,white
Hong-Kong,5,1,1,5,7,3,0,0,6,1,1,1,1,1,0,1,blue,1,1,1,1,0,0,0,1,1,1,white,blue
South-Korea,5,1,99,39,10,7,0,0,4,1,0,1,0,1,1,0,white,1,0,0,0,0,0,0,1,0,0,white,white
Cuba,1,4,115,10,2,6,0,5,3,1,0,1,0,1,0,0,blue,0,0,0,0,1,0,1,0,0,0,blue,blue
Germany-FRG,3,1,249,61,4,1,0,3,3,1,0,0,1,0,1,0,black,0,0,0,0,0,0,0,0,0,0,black,gold
Israel,5,1,21,4,10,7,0,2,2,0,0,1,0,1,0,0,white,0,0,0,0,1,0,0,0,0,0,blue,blue
Oman,5,1,212,1,8,2,0,2,3,1,1,0,0,1,0,0,red,0,0,0,0,0,0,0,1,0,0,red,green
Italy,3,1,301,57,6,0,3,0,3,1,1,0,0,1,0,0,white,0,0,0,0,0,0,0,0,0,0,green,red
Faeroes,3,4,1,0,6,1,0,0,3,1,0,1,0,1,0,0,white,0,1,0,0,0,0,0,0,0,0,white,white
Bangladesh,5,1,143,90,6,2,0,0,2,1,1,0,0,0,0,0,green,1,0,0,0,0,0,0,0,0,0,green,green
South-Korea,5,1,99,39,10,7,0,0,4,1,0,1,0,1,1,0,white,1,0,0,0,0,0,0,1,0,0,white,white
British-Virgin-Isles,1,4,0,0,1,1,0,0,6,1,1,1,1,1,0,1,blue,0,1,1,1,0,0,0,1,1,1,white,blue
El-Salvador,1,4,21,5,2,0,0,3,2,0,0,1,0,1,0,0,blue,0,0,0,0,0,0,0,0,0,0,blue,blue
Fiji,6,2,18,1,1,1,0,0,7,1,1,1,1,1,0,1,blue,0,2,1,1,0,0,0,1,1,0,white,blue
Israel,5,1,21,4,10,7,0,2,2,0,0,1,0,1,0,0,white,0,0,0,0,1,0,0,0,0,0,blue,blue
Mongolia,5,1,1566,2,10,6,3,0,3,1,0,1,1,0,0,0,red,2,0,0,0,1,1,1,1,0,0,red,red
Jordan,5,1,98,2,8,2,0,3,4,1,1,0,0,1,1,0,black,0,0,0,0,1,0,1,0,0,0,black,green
Gambia,4,4,10,1,1,5,0,5,4,1,1,1,0,1,0,0,red,0,0,0,0,0,0,0,0,0,0,red,green
Guyana,2,4,215,1,1,4,0,0,5,1,1,0,1,1,1,0,green,0,0,0,0,0,0,1,0,0,0,black,green
Niger,4,1,1267,5,3,2,0,3,3,0,1,0,0,1,0,1,orange,1,0,0,0,0,0,0,0,0,0,orange,green
Laos,5,1,236,3,10,6,0,3,3,1,0,1,0,1,0,0,red,1,0,0,0,0,0,0,0,0,0,red,red
Laos,5,1,236,3,10,6,0,3,3,1,0,1,0,1,0,0,red,1,0,0,0,0,0,0,0,0,0,red,red
South-Korea,5,1,99,39,10,7,0,0,4,1,0,1,0,1,1,0,white,1,0,0,0,0,0,0,1,0,0,white,white
South-Africa,4,2,1221,29,6,1,0,3,5,1,1,1,0,1,0,1,orange,0,1,1,0,0,0,0,0,0,0,orange,blue
Israel,5,1,21,4,10,7,0,2,2,0,0,1,0,1,0,0,white,0,0,0,0,1,0,0,0,0,0,blue,blue
Kampuchea,5,1,181,6,10,3,0,0,2,1,0,0,1,0,0,0,red,0,0,0,0,0,0,0,1,0,0,red,red
South-Korea,5,1,99,39,10,7,0,0,4,1,0,1,0,1,1,0,white,1,0,0,0,0,0,0,1,0,0,white,white
North-Korea,5,1,121,18,10,6,0,5,3,1,0,1,0,1,0,0,blue,1,0,0,0,1,0,0,0,0,0,blue,blue
Dominican-Republic,1,4,49,6,2,0,0,0,3,1,0,1,0,1,0,0,blue,0,1,0,0,0,0,0,0,0,0,blue,blue
Algeria,4,1,2388,20,8,2,2,0,3,1,1,0,0,1,0,0,green,0,0,0,0,1,1,0,0,0,0,green,white
South-Korea,5,1,99,39,10,7,0,0,4,1,0,1,0,1,1,0,white,1,0,0,0,0,0,0,1,0,0,white,white
Israel,5,1,21,4,10,7,0,2,2,0,0,1,0,1,0,0,white,0,0,0,0,1,0,0,0,0,0,blue,blue
Marianas,6,1,0,0,10,1,0,0,3,0,0,1,0,1,0,0,blue,0,0,0,0,1,0,0,1,0,0,blue,blue
Burma,5,1,678,35,10,3,0,0,3,1,0,1,0,1,0,0,red,0,0,0,1,14,0,0,1,1,0,blue,red
Micronesia,6,1,1,0,10,1,0,0,2,0,0,1,0,1,0,0,blue,0,0,0,0,4,0,0,0,0,0,blue,blue
Falklands-Malvinas,2,3,12,0,1,1,0,0,6,1,1,1,1,1,0,0,blue,1,1,1,1,0,0,0,1,1,1,white,blue
Kenya,4,1,583,17,10,5,0,5,4,1,1,0,0,1,1,0,red,1,0,0,0,0,0,0,1,0,0,black,green
Benin,4,1,113,3,3,5,0,0,2,1,1,0,0,0,0,0,green,0,0,0,0,1,0,0,0,0,0,green,green
Burma,5,1,678,35,10,3,0,0,3,1,0,1,0,1,0,0,red,0,0,0,1,14,0,0,1,1,0,blue,red
Israel,5,1,21,4,10,7,0,2,2,0,0,1,0,1,0,0,white,0,0,0,0,1,0,0,0,0,0,blue,blue
Hungary,3,1,93,11,9,6,0,3,3,1,1,0,0,1,0,0,red,0,0,0,0,0,0,0,0,0,0,red,green
Singapore,5,1,1,3,7,3,0,2,2,1,0,0,0,1,0,0,white,0,0,0,0,5,1,0,0,0,0,red,white
Botswana,4,2,600,1,10,5,0,5,3,0,0,1,0,1,1,0,blue,0,0,0,0,0,0,0,0,0,0,blue,blue
Angola,4,2,1247,7,10,5,0,2,3,1,0,0,1,0,1,0,red,0,0,0,0,1,0,0,1,0,0,red,black
Argentine,2,3,2777,28,2,0,0,3,3,0,0,1,1,1,0,0,blue,0,0,0,0,1,0,0,0,0,0,blue,blue
Japan,5,1,372,118,9,7,0,0,2,1,0,0,0,1,0,0,white,1,0,0,0,1,0,0,0,0,0,white,white
Austria,3,1,84,8,4,0,0,3,2,1,0,0,0,1,0,0,red,0,0,0,0,0,0,0,0,0,0,red,red
South-Korea,5,1,99,39,10,7,0,0,4,1,0,1,0,1,1,0,white,1,0,0,0,0,0,0,1,0,0,white,white
Argentine,2,3,2777,28,2,0,0,3,3,0,0,1,1,1,0,0,blue,0,0,0,0,1,0,0,0,0,0,blue,blue
Bahamas,1,4,19,0,1,1,0,3,3,0,0,1,1,0,1,0,blue,0,0,0,0,0,0,1,0,0,0,blue,blue
Comorro-Islands,4,2,2,0,3,2,0,0,2,0,1,0,0,1,0,0,green,0,0,0,0,4,1,0,0,0,0,green,green
Argentina,2,3,2777,28,2,0,0,3,2,0,0,1,0,1,0,0,blue,0,0,0,0,0,0,0,0,0,0,blue,blue
Finland,3,1,337,5,9,1,0,0,2,0,0,1,0,1,0,0,white,0,1,0,0,0,0,0,0,0,0,white,white
Andorra,3,1,0,0,6,0,3,0,3,1,0,1,1,0,0,0,gold,0,0,0,0,0,0,0,0,0,0,blue,red
India,5,1,3268,684,6,4,0,3,4,0,1,1,0,1,0,1,orange,1,0,0,0,0,0,0,1,0,0,orange,green
Kiribati,6,1,0,0,1,1,0,0,4,1,0,1,1,1,0,0,red,0,0,0,0,1,0,0,1,1,0,red,blue
Guyana,2,4,215,1,1,4,0,0,5,1,1,0,1,1,1,0,green,0,0,0,0,0,0,1,0,0,0,black,green
Guyana,2,4,215,1,1,4,0,0,5,1,1,0,1,1,1,0,green,0,0,0,0,0,0,1,0,0,0,black,green
Kampuchea,5,1,181,6,10,3,0,0,2,1,0,0,1,0,0,0,red,0,0,0,0,0,0,0,1,0,0,red,red
Mauritius,4,2,2,1,1,4,0,4,4,1,1,1,1,0,0,0,red,0,0,0,0,0,0,0,0,0,0,red,green
Burundi,4,2,28,4,10,5,0,0,3,1,1,0,0,1,0,0,red,1,0,1,0,3,0,0,0,0,0,white,white
North-Korea,5,1,121,18,10,6,0,5,3,1,0,1,0,1,0,0,blue,1,0,0,0,1,0,0,0,0,0,blue,blue
Albania,3,1,29,3,6,6,0,0,3,1,0,0,1,0,1,0,red,0,0,0,0,1,0,0,0,1,0,red,red
Japan,5,1,372,118,9,7,0,0,2,1,0,0,0,1,0,0,white,1,0,0,0,1,0,0,0,0,0,white,white
Dominican-Republic,1,4,49,6,2,0,0,0,3,1,0,1,0,1,0,0,blue,0,1,0,0,0,0,0,0,0,0,blue,blue
India,5,1,3268,684,6,4,0,3,4,0,1,1,0,1,0,1,orange,1,0,0,0,0,0,0,1,0,0,orange,green
Bangladesh,5,1,143,90,6,2,0,0,2,1,1,0,0,0,0,0,green,1,0,0,0,0,0,0,0,0,0,green,green
Japan,5,1,372,118,9,7,0,0,2,1,0,0,0,1,0,0,white,1,0,0,0,1,0,0,0,0,0,white,white
Chile,2,3,757,11,2,0,0,2,3,1,0,1,0,1,0,0,red,0,0,0,1,1,0,0,0,0,0,blue,red
Indonesia,6,2,1904,157,10,2,0,2,2,1,0,0,0,1,0,0,red,0,0,0,0,0,0,0,0,0,0,red,white
Japan,5,1,372,118,9,7,0,0,2,1,0,0,0,1,0,0,white,1,0,0,0,1,0,0,0,0,0,white,white
Israel,5,1,21,4,10,7,0,2,2,0,0,1,0,1,0,0,white,0,0,0,0,1,0,0,0,0,0,blue,blue
Mauritania,4,4,1031,2,8,2,0,0,2,0,1,0,1,0,0,0,green,0,0,0,0,1,1,0,0,0,0,green,green
Hungary,3,1,93,11,9,6,0,3,3,1,1,0,0,1,0,0,red,0,0,0,0,0,0,0,0,0,0,red,green
Israel,5,1,21,4,10,7,0,2,2,0,0,1,0,1,0,0,white,0,0,0,0,1,0,0,0,0,0,blue,blue
Czechoslovakia,3,1,128,15,5,6,0,0,3,1,0,1,0,1,0,0,white,0,0,0,0,0,0,1,0,0,0,white,red
Ireland,3,4,70,3,1,0,3,0,3,0,1,0,0,1,0,1,white,0,0,0,0,0,0,0,0,0,0,green,orange
Israel,5,1,21,4,10,7,0,2,2,0,0,1,0,1,0,0,white,0,0,0,0,1,0,0,0,0,0,blue,blue
Hungary,3,1,93,11,9,6,0,3,3,1,1,0,0,1,0,0,red,0,0,0,0,0,0,0,0,0,0,red,green
Soloman-Islands,6,2,30,0,1,1,0,0,4,0,1,1,1,1,0,0,green,0,0,0,0,5,0,1,0,0,0,blue,green
Mozambique,4,2,783,12,10,5,0,5,5,1,1,0,1,1,1,0,gold,0,0,0,0,1,0,1,1,0,0,green,gold
Israel,5,1,21,4,10,7,0,2,2,0,0,1,0,1,0,0,white,0,0,0,0,1,0,0,0,0,0,blue,blue
Poland,3,1,313,36,5,6,0,2,2,1,0,0,0,1,0,0,white,0,0,0,0,0,0,0,0,0,0,white,red
Cuba,1,4,115,10,2,6,0,5,3,1,0,1,0,1,0,0,blue,0,0,0,0,1,0,1,0,0,0,blue,blue
Guinea,4,4,246,6,3,2,3,0,3,1,1,0,1,0,0,0,gold,0,0,0,0,0,0,0,0,0,0,red,green
Kampuchea,5,1,181,6,10,3,0,0,2,1,0,0,1,0,0,0,red,0,0,0,0,0,0,0,1,0,0,red,red
Kampuchea,5,1,181,6,10,3,0,0,2,1,0,0,1,0,0,0,red,0,0,0,0,0,0,0,1,0,0,red,red
Iraq,5,1,435,14,8,2,0,3,4,1,1,0,0,1,1,0,red,0,0,0,0,3,0,0,0,0,0,red,black
Singapore,5,1,1,3,7,3,0,2,2,1,0,0,0,1,0,0,white,0,0,0,0,5,1,0,0,0,0,red,white
China,5,1,9561,1008,7,6,0,0,2,1,0,0,1,0,0,0,red,0,0,0,0,5,0,0,0,0,0,red,red
Djibouti,4,1,22,0,3,2,0,0,4,1,1,1,0,1,0,0,blue,0,0,0,0,1,0,1,0,0,0,white,green
Belize,1,4,23,0,1,1,0,2,8,1,1,1,1,1,1,1,blue,1,0,0,0,0,0,0,1,1,1,red,red
Egypt,4,1,1001,47,8,2,0,3,4,1,0,0,1,1,1,0,black,0,0,0,0,0,0,0,0,1,1,red,black
South-Korea,5,1,99,39,10,7,0,0,4,1,0,1,0,1,1,0,white,1,0,0,0,0,0,0,1,0,0,white,white
Guyana,2,4,215,1,1,4,0,0,5,1,1,0,1,1,1,0,green,0,0,0,0,0,0,1,0,0,0,black,green
Canada,1,4,9976,24,1,1,2,0,2,1,0,0,0,1,0,0,red,0,0,0,0,0,0,0,0,1,0,red,red
South-Korea,5,1,99,39,10,7,0,0,4,1,0,1,0,1,1,0,white,1,0,0,0,0,0,0,1,0,0,white,white
Guyana,2,4,215,1,1,4,0,0,5,1,1,0,1,1,1,0,green,0,0,0,0,0,0,1,0,0,0,black,green
Lebanon,5,1,10,3,8,2,0,2,4,1,1,0,0,1,0,1,red,0,0,0,0,0,0,0,0,1,0,red,red
Indonesia,6,2,1904,157,10,2,0,2,2,1,0,0,0,1,0,0,red,0,0,0,0,0,0,0,0,0,0,red,white
Malawi,4,2,118,6,10,5,0,3,3,1,1,0,0,0,1,0,red,0,0,0,0,1,0,0,0,0,0,black,green
India,5,1,3268,684,6,4,0,3,4,0,1,1,0,1,0,1,orange,1,0,0,0,0,0,0,1,0,0,orange,green
Japan,5,1,372,118,9,7,0,0,2,1,0,0,0,1,0,0,white,1,0,0,0,1,0,0,0,0,0,white,white
Cuba,1,4,115,10,2,6,0,5,3,1,0,1,0,1,0,0,blue,0,0,0,0,1,0,1,0,0,0,blue,blue
Kuwait,5,1,18,2,8,2,0,3,4,1,1,0,0,1,1,0,green,0,0,0,0,0,0,0,0,0,0,green,red
Afghanistan,5,1,648,16,10,2,0,3,5,1,1,0,1,1,1,0,green,0,0,0,0,1,0,0,1,0,0,black,green
Nauru,6,2,0,0,10,1,0,3,3,0,0,1,1,1,0,0,blue,0,0,0,0,1,0,0,0,0,0,blue,blue
Bhutan,5,1,47,1,10,3,0,0,4,1,0,0,0,1,1,1,orange,4,0,0,0,0,0,0,0,1,0,orange,red
Congo,4,2,342,2,10,5,0,0,3,1,1,0,1,0,0,0,red,0,0,0,0,1,0,0,1,1,0,red,red
Iceland,3,4,103,0,6,1,0,0,3,1,0,1,0,1,0,0,blue,0,1,0,0,0,0,0,0,0,0,blue,blue
Brunei,5,1,6,0,10,2,0,0,4,1,0,0,1,1,1,0,gold,0,0,0,0,0,0,1,1,1,1,white,gold
Australia,6,2,7690,15,1,1,0,0,3,1,0,1,0,1,0,0,blue,0,1,1,1,6,0,0,0,0,0,white,blue
Cameroon,4,1,474,8,3,1,3,0,3,1,1,0,1,0,0,0,gold,0,0,0,0,1,0,0,0,0,0,green,gold
Greece,3,1,132,10,6,1,0,9,2,0,0,1,0,1,0,0,blue,0,1,0,1,0,0,0,0,0,0,blue,blue
Jamaica,1,4,11,2,1,1,0,0,3,0,1,0,1,0,1,0,green,0,0,1,0,0,0,1,0,0,0,gold,gold
Laos,5,1,236,3,10,6,0,3,3,1,0,1,0,1,0,0,red,1,0,0,0,0,0,0,0,0,0,red,red
Kampuchea,5,1,181,6,10,3,0,0,2,1,0,0,1,0,0,0,red,0,0,0,0,0,0,0,1,0,0,red,red
Guyana,2,4,215,1,1,4,0,0,5,1,1,0,1,1,1,0,green,0,0,0,0,0,0,1,0,0,0,black,green
Mauritius,4,2,2,1,1,4,0,4,4,1,1,1,1,0,0,0,red,0,0,0,0,0,0,0,0,0,0,red,green
Lesotho,4,2,30,1,10,5,2,0,4,1,1,1,0,1,0,0,blue,0,0,0,0,0,0,0,1,0,0,green,blue
Czechoslovakia,3,1,128,15,5,6,0,0,3,1,0,1,0,1,0,0,white,0,0,0,0,0,0,1,0,0,0,white,red
Germany-DDR,3,1,108,17,4,6,0,3,3,1,0,0,1,0,1,0,gold,0,0,0,0,0,0,0,1,0,0,black,gold
Bhutan,5,1,47,1,10,3,0,0,4,1,0,0,0,1,1,1,orange,4,0,0,0,0,0,0,0,1,0,orange,red
Guyana,2,4,215,1,1,4,0,0,5,1,1,0,1,1,1,0,green,0,0,0,0,0,0,1,0,0,0,black,green
India,5,1,3268,684,6,4,0,3,4,0,1,1,0,1,0,1,orange,1,0,0,0,0,0,0,1,0,0,orange,green
Austria,3,1,84,8,4,0,0,3,2,1,0,0,0,1,0,0,red,0,0,0,0,0,0,0,0,0,0,red,red
India,5,1,3268,684,6,4,0,3,4,0,1,1,0,1,0,1,orange,1,0,0,0,0,0,0,1,0,0,orange,green
South-Korea,5,1,99,39,10,7,0,0,4,1,0,1,0,1,1,0,white,1,0,0,0,0,0,0,1,0,0,white,white
Bulgaria,3,1,111,9,5,6,0,3,5,1,1,1,1,1,0,0,red,0,0,0,0,1,0,0,1,1,0,white,red
Bahrain,5,1,1,0,8,2,0,0,2,1,0,0,0,1,0,0,red,0,0,0,0,0,0,0,0,0,0,white,red
Czechoslovakia,3,1,128,15,5,6,0,0,3,1,0,1,0,1,0,0,white,0,0,0,0,0,0,1,0,0,0,white,red
South-Korea,5,1,99,39,10,7,0,0,4,1,0,1,0,1,1,0,white,1,0,0,0,0,0,0,1,0,0,white,white
Japan,5,1,372,118,9,7,0,0,2,1,0,0,0,1,0,0,white,1,0,0,0,1,0,0,0,0,0,white,white
Bhutan,5,1,47,1,10,3,0,0,4,1,0,0,0,1,1,1,orange,4,0,0,0,0,0,0,0,1,0,orange,red
Guyana,2,4,215,1,1,4,0,0,5,1,1,0,1,1,1,0,green,0,0,0,0,0,0,1,0,0,0,black,green
Algeria,4,1,2388,20,8,2,2,0,3,1,1,0,0,1,0,0,green,0,0,0,0,1,1,0,0,0,0,green,white
Japan,5,1,372,118,9,7,0,0,2,1,0,0,0,1,0,0,white,1,0,0,0,1,0,0,0,0,0,white,white
North-Korea,5,1,121,18,10,6,0,5,3,1,0,1,0,1,0,0,blue,1,0,0,0,1,0,0,0,0,0,blue,blue
Sri-Lanka,5,1,66,15,10,3,2,0,4,0,1,0,1,0,0,1,gold,0,0,0,0,0,0,0,1,1,0,gold,gold
Japan,5,1,372,118,9,7,0,0,2,1,0,0,0,1,0,0,white,1,0,0,0,1,0,0,0,0,0,white,white
Morocco,4,4,447,20,8,2,0,0,2,1,1,0,0,0,0,0,red,0,0,0,0,1,0,0,0,0,0,red,red
Liechtenstein,3,1,0,0,4,0,0,2,3,1,0,1,1,0,0,0,red,0,0,0,0,0,0,0,1,0,0,blue,red
Costa-Rica,1,4,51,2,2,0,0,5,3,1,0,1,0,1,0,0,blue,0,0,0,0,0,0,0,0,0,0,blue,blue
Bhutan,5,1,47,1,10,3,0,0,4,1,0,0,0,1,1,1,orange,4,0,0,0,0,0,0,0,1,0,orange,red
Cape-Verde-Islands,4,4,4,0,6,0,1,2,5,1,1,0,1,0,1,1,gold,0,0,0,0,1,0,0,0,1,0,red,green
Angola,4,2,1247,7,10,5,0,2,3,1,0,0,1,0,1,0,red,0,0,0,0,1,0,0,1,0,0,red,black
Panama,2,4,76,2,2,0,0,0,3,1,0,1,0,1,0,0,red,0,0,0,4,2,0,0,0,0,0,white,white
Mauritius,4,2,2,1,1,4,0,4,4,1,1,1,1,0,0,0,red,0,0,0,0,0,0,0,0,0,0,red,green
Sri-Lanka,5,1,66,15,10,3,2,0,4,0,1,0,1,0,0,1,gold,0,0,0,0,0,0,0,1,1,0,gold,gold
China,5,1,9561,1008,7,6,0,0,2,1,0,0,1,0,0,0,red,0,0,0,0,5,0,0,0,0,0,red,red
Niue,6,3,0,0,1,1,0,0,4,1,0,1,1,1,0,0,gold,1,1,1,1,5,0,0,0,0,0,white,gold
Central-African-Republic,4,1,623,2,10,5,1,0,5,1,1,1,1,1,0,0,gold,0,0,0,0,1,0,0,0,0,0,blue,gold
Botswana,4,2,600,1,10,5,0,5,3,0,0,1,0,1,1,0,blue,0,0,0,0,0,0,0,0,0,0,blue,blue
Mexico,1,4,1973,77,2,0,3,0,4,1,1,0,0,1,0,1,green,0,0,0,0,0,0,0,0,1,0,green,red
Botswana,4,2,600,1,10,5,0,5,3,0,0,1,0,1,1,0,blue,0,0,0,0,0,0,0,0,0,0,blue,blue
Nicaragua,1,4,128,3,2,0,0,3,2,0,0,1,0,1,0,0,blue,0,0,0,0,0,0,0,0,0,0,blue,blue
New-Zealand,6,2,268,2,1,1,0,0,3,1,0,1,0,1,0,0,blue,0,1,1,1,4,0,0,0,0,0,white,blue
Pakistan,5,1,804,84,6,2,1,0,2,0,1,0,0,1,0,0,green,0,0,0,0,1,1,0,0,0,0,white,green
Kenya,4,1,583,17,10,5,0,5,4,1,1,0,0,1,1,0,red,1,0,0,0,0,0,0,1,0,0,black,green
Mongolia,5,1,1566,2,10,6,3,0,3,1,0,1,1,0,0,0,red,2,0,0,0,1,1,1,1,0,0,red,red
Honduras,1,4,112,4,2,0,0,3,2,0,0,1,0,1,0,0,blue,0,0,0,0,5,0,0,0,0,0,blue,blue
Malagasy,4,2,587,9,10,1,1,2,3,1,1,0,0,1,0,0,red,0,0,0,0,0,0,0,0,0,0,white,green
Cuba,1,4,115,10,2,6,0,5,3,1,0,1,0,1,0,0,blue,0,0,0,0,1,0,1,0,0,0,blue,blue
Guyana,2,4,215,1,1,4,0,0,5,1,1,0,1,1,1,0,green,0,0,0,0,0,0,1,0,0,0,black,green
Albania,3,1,29,3,6,6,0,0,3,1,0,0,1,0,1,0,red,0,0,0,0,1,0,0,0,1,0,red,red
Ecuador,2,3,284,8,2,0,0,3,3,1,0,1,1,0,0,0,gold,0,0,0,0,0,0,0,0,0,0,gold,red
Sri-Lanka,5,1,66,15,10,3,2,0,4,0,1,0,1,0,0,1,gold,0,0,0,0,0,0,0,1,1,0,gold,gold
Israel,5,1,21,4,10,7,0,2,2,0,0,1,0,1,0,0,white,0,0,0,0,1,0,0,0,0,0,blue,blue
Burma,5,1,678,35,10,3,0,0,3,1,0,1,0,1,0,0,red,0,0,0,1,14,0,0,1,1,0,blue,red
India,5,1,3268,684,6,4,0,3,4,0,1,1,0,1,0,1,orange,1,0,0,0,0,0,0,1,0,0,orange,green
Burkina,4,4,274,7,3,5,0,2,3,1,1,0,1,0,0,0,red,0,0,0,0,1,0,0,0,0,0,red,green
Ghana,4,4,239,14,1,5,0,3,4,1,1,0,1,0,1,0,red,0,0,0,0,1,0,0,0,0,0,red,green
Bolivia,2,3,1099,6,2,0,0,3,3,1,1,0,1,0,0,0,red,0,0,0,0,0,0,0,0,0,0,red,green
Barbados,1,4,0,0,1,1,3,0,3,0,0,1,1,0,1,0,blue,0,0,0,0,0,0,0,1,0,0,blue,blue
Guam,6,1,0,0,1,1,0,0,7,1,1,1,1,1,0,1,blue,0,0,0,0,0,0,0,1,1,1,red,red
Djibouti,4,1,22,0,3,2,0,0,4,1,1,1,0,1,0,0,blue,0,0,0,0,1,0,1,0,0,0,white,green
Norway,3,1,324,4,6,1,0,0,3,1,0,1,0,1,0,0,red,0,1,0,0,0,0,0,0,0,0,red,red
Sri-Lanka,5,1,66,15,10,3,2,0,4,0,1,0,1,0,0,1,gold,0,0,0,0,0,0,0,1,1,0,gold,gold
Benin,4,1,113,3,3,5,0,0,2,1,1,0,0,0,0,0,green,0,0,0,0,1,0,0,0,0,0,green,green
Argentina,2,3,2777,28,2,0,0,3,2,0,0,1,0,1,0,0,blue,0,0,0,0,0,0,0,0,0,0,blue,blue
India,5,1,3268,684,6,4,0,3,4,0,1,1,0,1,0,1,orange,1,0,0,0,0,0,0,1,0,0,orange,green
Israel,5,1,21,4,10,7,0,2,2,0,0,1,0,1,0,0,white,0,0,0,0,1,0,0,0,0,0,blue,blue
Bulgaria,3,1,111,9,5,6,0,3,5,1,1,1,1,1,0,0,red,0,0,0,0,1,0,0,1,1,0,white,red
Poland,3,1,313,36,5,6,0,2,2,1,0,0,0,1,0,0,white,0,0,0,0,0,0,0,0,0,0,white,red
French-Guiana,2,4,91,0,3,0,3,0,3,1,0,1,0,1,0,0,white,0,0,0,0,0,0,0,0,0,0,blue,red
Guyana,2,4,215,1,1,4,0,0,5,1,1,0,1,1,1,0,green,0,0,0,0,0,0,1,0,0,0,black,green
Malta,3,1,0,0,10,0,2,0,3,1,0,0,0,1,1,0,red,0,1,0,0,0,0,0,1,0,0,white,red
Singapore,5,1,1,3,7,3,0,2,2,1,0,0,0,1,0,0,white,0,0,0,0,5,1,0,0,0,0,red,white
Gibraltar,3,4,0,0,1,1,0,1,3,1,0,0,1,1,0,0,white,0,0,0,0,0,0,0,1,0,0,white,red
North-Korea,5,1,121,18,10,6,0,5,3,1,0,1,0,1,0,0,blue,1,0,0,0,1,0,0,0,0,0,blue,blue
Mauritius,4,2,2,1,1,4,0,4,4,1,1,1,1,0,0,0,red,0,0,0,0,0,0,0,0,0,0,red,green
India,5,1,3268,684,6,4,0,3,4,0,1,1,0,1,0,1,orange,1,0,0,0,0,0,0,1,0,0,orange,green
Singapore,5,1,1,3,7,3,0,2,2,1,0,0,0,1,0,0,white,0,0,0,0,5,1,0,0,0,0,red,white
Monaco,3,1,0,0,3,0,0,2,2,1,0,0,0,1,0,0,red,0,0,0,0,0,0,0,0,0,0,red,white
Israel,5,1,21,4,10,7,0,2,2,0,0,1,0,1,0,0,white,0,0,0,0,1,0,0,0,0,0,blue,blue
Albania,3,1,29,3,6,6,0,0,3,1,0,0,1,0,1,0,red,0,0,0,0,1,0,0,0,1,0,red,red
Poland,3,1,313,36,5,6,0,2,2,1,0,0,0,1,0,0,white,0,0,0,0,0,0,0,0,0,0,white,red
Japan,5,1,372,118,9,7,0,0,2,1,0,0,0,1,0,0,white,1,0,0,0,1,0,0,0,0,0,white,white
Greenland,1,4,2176,0,6,1,0,0,2,1,0,0,0,1,0,0,white,1,0,0,0,0,0,0,0,0,0,white,red
Equatorial-Guinea,4,1,28,0,10,5,0,3,4,1,1,1,0,1,0,0,green,0,0,0,0,0,0,1,0,0,0,green,red
India,5,1,3268,684,6,4,0,3,4,0,1,1,0,1,0,1,orange,1,0,0,0,0,0,0,1,0,0,orange,green
South-Korea,5,1,99,39,10,7,0,0,4,1,0,1,0,1,1,0,white,1,0,0,0,0,0,0,1,0,0,white,white
Nigeria,4,1,925,56,10,2,3,0,2,0,1,0,0,1,0,0,green,0,0,0,0,0,0,0,0,0,0,green,green
Costa-Rica,1,4,51,2,2,0,0,5,3,1,0,1,0,1,0,0,blue,0,0,0,0,0,0,0,0,0,0,blue,blue
Chile,2,3,757,11,2,0,0,2,3,1,0,1,0,1,0,0,red,0,0,0,1,1,0,0,0,0,0,blue,red
Netherlands-Antilles,1,4,0,0,6,1,0,1,3,1,0,1,0,1,0,0,white,0,0,0,0,6,0,0,0,0,0,white,white
Germany-DDR,3,1,108,17,4,6,0,3,3,1,0,0,1,0,1,0,gold,0,0,0,0,0,0,0,1,0,0,black,gold
Guinea-Bissau,4,4,36,1,6,5,1,2,4,1,1,0,1,0,1,0,gold,0,0,0,0,1,0,0,0,0,0,red,green
Brazil,2,3,8512,119,6,0,0,0,4,0,1,1,1,1,0,0,green,1,0,0,0,22,0,0,0,0,1,green,green
Bhutan,5,1,47,1,10,3,0,0,4,1,0,0,0,1,1,1,orange,4,0,0,0,0,0,0,0,1,0,orange,red
Iran,5,1,1648,39,6,2,0,3,3,1,1,0,0,1,0,0,red,0,0,0,0,0,0,0,1,0,1,green,red
Bermuda,1,4,0,0,1,1,0,0,6,1,1,1,1,1,1,0,red,1,1,1,1,0,0,0,1,1,0,white,red
Germany-DDR,3,1,108,17,4,6,0,3,3,1,0,0,1,0,1,0,gold,0,0,0,0,0,0,0,1,0,0,black,gold
Anguilla,1,4,0,0,1,1,0,1,3,0,0,1,0,1,0,1,white,0,0,0,0,0,0,0,0,1,0,white,blue
Mauritius,4,2,2,1,1,4,0,4,4,1,1,1,1,0,0,0,red,0,0,0,0,0,0,0,0,0,0,red,green
St-Helena,4,3,0,0,1,1,0,0,7,1,1,1,1,1,0,1,blue,0,1,1,1,0,0,0,1,0,0,white,blue
Germany-DDR,3,1,108,17,4,6,0,3,3,1,0,0,1,0,1,0,gold,0,0,0,0,0,0,0,1,0,0,black,gold
Mauritius,4,2,2,1,1,4,0,4,4,1,1,1,1,0,0,0,red,0,0,0,0,0,0,0,0,0,0,red,green
Lesotho,4,2,30,1,10,5,2,0,4,1,1,1,0,1,0,0,blue,0,0,0,0,0,0,0,1,0,0,green,blue
Hong-Kong,5,1,1,5,7,3,0,0,6,1,1,1,1,1,0,1,blue,1,1,1,1,0,0,0,1,1,1,white,blue
Hong-Kong,5,1,1,5,7,3,0,0,6,1,1,1,1,1,0,1,blue,1,1,1,1,0,0,0,1,1,1,white,blue
Guatemala,1,4,109,8,2,0,3,0,2,0,0,1,0,1,0,0,blue,0,0,0,0,0,0,0,0,0,0,blue,blue
South-Korea,5,1,99,39,10,7,0,0,4,1,0,1,0,1,1,0,white,1,0,0,0,0,0,0,1,0,0,white,white
Burma,5,1,678,35,10,3,0,0,3,1,0,1,0,1,0,0,red,0,0,0,1,14,0,0,1,1,0,blue,red
Cayman-Islands,1,4,0,0,1,1,0,0,6,1,1,1,1,1,0,1,blue,1,1,1,1,4,0,0,1,1,1,white,blue
Grenada,1,4,0,0,1,1,0,0,3,1,1,0,1,0,0,0,gold,1,0,0,0,7,0,1,0,1,0,red,red
Cape-Verde-Islands,4,4,4,0,6,0,1,2,5,1,1,0,1,0,1,1,gold,0,0,0,0,1,0,0,0,1,0,red,green
Burkina,4,4,274,7,3,5,0,2,3,1,1,0,1,0,0,0,red,0,0,0,0,1,0,0,0,0,0,red,green
Ivory-Coast,4,4,323,7,3,5,3,0,3,1,1,0,0,1,0,0,white,0,0,0,0,0,0,0,0,0,0,red,green
Sri-Lanka,5,1,66,15,10,3,2,0,4,0,1,0,1,0,0,1,gold,0,0,0,0,0,0,0,1,1,0,gold,gold
Bolivia,2,3,1099,6,2,0,0,3,3,1,1,0,1,0,0,0,red,0,0,0,0,0,0,0,0,0,0,red,green
Poland,3,1,313,36,5,6,0,2,2,1,0,0,0,1,0,0,white,0,0,0,0,0,0,0,0,0,0,white,red
Sri-Lanka,5,1,66,15,10,3,2,0,4,0,1,0,1,0,0,1,gold,0,0,0,0,0,0,0,1,1,0,gold,gold
Liberia,4,4,111,1,10,5,0,11,3,1,0,1,0,1,0,0,red,0,0,0,1,1,0,0,0,0,0,blue,red
Belgium,3,1,31,10,6,0,3,0,3,1,0,0,1,0,1,0,gold,0,0,0,0,0,0,0,0,0,0,black,red
Japan,5,1,372,118,9,7,0,0,2,1,0,0,0,1,0,0,white,1,0,0,0,1,0,0,0,0,0,white,white
Netherlands,3,1,41,14,6,1,0,3,3,1,0,1,0,1,0,0,red,0,0,0,0,0,0,0,0,0,0,red,blue
Burma,5,1,678,35,10,3,0,0,3,1,0,1,0,1,0,0,red,0,0,0,1,14,0,0,1,1,0,blue,red
Guyana,2,4,215,1,1,4,0,0,5,1,1,0,1,1,1,0,green,0,0,0,0,0,0,1,0,0,0,black,green
Iran,5,1,1648,39,6,2,0,3,3,1,1,0,0,1,0,0,red,0,0,0,0,0,0,0,1,0,1,green,red
South-Korea,5,1,99,39,10,7,0,0,4,1,0,1,0,1,1,0,white,1,0,0,0,0,0,0,1,0,0,white,white
China,5,1,9561,1008,7,6,0,0,2,1,0,0,1,0,0,0,red,0,0,0,0,5,0,0,0,0,0,red,red
Qatar,5,1,11,0,8,2,0,0,2,0,0,0,0,1,0,1,red,0,0,0,0,0,0,0,0,0,0,white,red
Hungary,3,1,93,11,9,6,0,3,3,1,1,0,0,1,0,0,red,0,0,0,0,0,0,0,0,0,0,red,green
French-Polynesia,6,3,4,0,3,0,0,3,5,1,0,1,1,1,1,0,red,1,0,0,0,1,0,0,1,0,0,red,red
Hong-Kong,5,1,1,5,7,3,0,0,6,1,1,1,1,1,0,1,blue,1,1,1,1,0,0,0,1,1,1,white,blue
Maldive-Islands,5,1,0,0,10,2,0,0,3,1,1,0,0,1,0,0,red,0,0,0,0,0,1,0,0,0,0,red,red
Central-African-Republic,4,1,623,2,10,5,1,0,5,1,1,1,1,1,0,0,gold,0,0,0,0,1,0,0,0,0,0,blue,gold
Bhutan,5,1,47,1,10,3,0,0,4,1,0,0,0,1,1,1,orange,4,0,0,0,0,0,0,0,1,0,orange,red
Mali,4,4,1240,7,3,2,3,0,3,1,1,0,1,0,0,0,gold,0,0,0,0,0,0,0,0,0,0,green,red
Japan,5,1,372,118,9,7,0,0,2,1,0,0,0,1,0,0,white,1,0,0,0,1,0,0,0,0,0,white,white
Mauritius,4,2,2,1,1,4,0,4,4,1,1,1,1,0,0,0,red,0,0,0,0,0,0,0,0,0,0,red,green
Ghana,4,4,239,14,1,5,0,3,4,1,1,0,1,0,1,0,red,0,0,0,0,1,0,0,0,0,0,red,green
Chad,4,1,1284,4,3,5,3,0,3,1,0,1,1,0,0,0,gold,0,0,0,0,0,0,0,0,0,0,blue,red
India,5,1,3268,684,6,4,0,3,4,0,1,1,0,1,0,1,orange,1,0,0,0,0,0,0,1,0,0,orange,green
Bhutan,5,1,47,1,10,3,0,0,4,1,0,0,0,1,1,1,orange,4,0,0,0,0,0,0,0,1,0,orange,red
Brunei,5,1,6,0,10,2,0,0,4,1,0,0,1,1,1,0,gold,0,0,0,0,0,0,1,1,1,1,white,gold
Ecuador,2,3,284,8,2,0,0,3,3,1,0,1,1,0,0,0,gold,0,0,0,0,0,0,0,0,0,0,gold,red
Israel,5,1,21,4,10,7,0,2,2,0,0,1,0,1,0,0,white,0,0,0,0,1,0,0,0,0,0,blue,blue
Guinea,4,4,246,6,3,2,3,0,3,1,1,0,1,0,0,0,gold,0,0,0,0,0,0,0,0,0,0,red,green
Maldive-Islands,5,1,0,0,10,2,0,0,3,1,1,0,0,1,0,0,red,0,0,0,0,0,1,0,0,0,0,red,red
Bulgaria,3,1,111,9,5,6,0,3,5,1,1,1,1,1,0,0,red,0,0,0,0,1,0,0,1,1,0,white,red
Gabon,4,2,268,1,10,5,0,3,3,0,1,1,1,0,0,0,green,0,0,0,0,0,0,0,0,0,0,green,blue
Burkina,4,4,274,7,3,5,0,2,3,1,1,0,1,0,0,0,red,0,0,0,0,1,0,0,0,0,0,red,green
Ethiopia,4,1,1222,31,10,1,0,3,3,1,1,0,1,0,0,0,green,0,0,0,0,0,0,0,0,0,0,green,red
Cyprus,3,1,9,1,6,1,0,0,3,0,1,0,1,1,0,0,white,0,0,0,0,0,0,0,1,1,0,white,white
Bahrain,5,1,1,0,8,2,0,0,2,1,0,0,0,1,0,0,red,0,0,0,0,0,0,0,0,0,0,white,red
Bulgaria,3,1,111,9,5,6,0,3,5,1,1,1,1,1,0,0,red,0,0,0,0,1,0,0,1,1,0,white,red
Colombia,2,4,1139,28,2,0,0,3,3,1,0,1,1,0,0,0,gold,0,0,0,0,0,0,0,0,0,0,gold,red
Hong-Kong,5,1,1,5,7,3,0,0,6,1,1,1,1,1,0,1,blue,1,1,1,1,0,0,0,1,1,1,white,blue
Jordan,5,1,98,2,8,2,0,3,4,1,1,0,0,1,1,0,black,0,0,0,0,1,0,1,0,0,0,black,green
Comorro-Islands,4,2,2,0,3,2,0,0,2,0,1,0,0,1,0,0,green,0,0,0,0,4,1,0,0,0,0,green,green
Mauritius,4,2,2,1,1,4,0,4,4,1,1,1,1,0,0,0,red,0,0,0,0,0,0,0,0,0,0,red,green
American-Samoa,6,3,0,0,1,1,0,0,5,1,0,1,1,1,0,1,blue,0,0,0,0,0,0,1,1,1,0,blue,red
Burundi,4,2,28,4,10,5,0,0,3,1,1,0,0,1,0,0,red,1,0,1,0,3,0,0,0,0,0,white,white
Burma,5,1,678,35,10,3,0,0,3,1,0,1,0,1,0,0,red,0,0,0,1,14,0,0,1,1,0,blue,red
Chad,4,1,1284,4,3,5,3,0,3,1,0,1,1,0,0,0,gold,0,0,0,0,0,0,0,0,0,0,blue,red
Guinea-Bissau,4,4,36,1,6,5,1,2,4,1,1,0,1,0,1,0,gold,0,0,0,0,1,0,0,0,0,0,red,green
Libya,4,1,1760,3,8,2,0,0,1,0,1,0,0,0,0,0,green,0,0,0,0,0,0,0,0,0,0,green,green
Colombia,2,4,1139,28,2,0,0,3,3,1,0,1,1,0,0,0,gold,0,0,0,0,0,0,0,0,0,0,gold,red
